100, 1434, 357400
200, 3521, 415800
300, 5297, 573600
400, 7686, 1087000
500, 9349, 1259400
600, 11970, 1670300
700, 15798, 2163000
800, 17900, 2081000
900, 21908, 1716200
1000, 24357, 1757900
1100, 29205, 1250400
1200, 33130, 1451700
1300, 36560, 603900
1400, 41066, 1478300
1500, 45219, 373300
1600, 50400, 390900
1700, 53868, 614900
1800, 58891, 384600
1900, 65702, 588500
2000, 69292, 406900
2100, 74999, 423900
2200, 80147, 450800
2300, 87400, 626200
2400, 94577, 901500
2500, 98931, 720900
2600, 106290, 830000
2700, 110484, 568500
2800, 118657, 554100
2900, 128454, 583700
3000, 133383, 613900
3100, 139536, 621300
3200, 146789, 692200
3300, 155612, 682500
3400, 160931, 690300
3500, 170383, 968500
3600, 180695, 1146700
3700, 186203, 859300
3800, 196856, 814000
3900, 202187, 820500
4000, 214211, 1027400
4100, 224825, 916500
4200, 230181, 1041400
4300, 241123, 974600
4400, 247999, 1055700
4500, 259475, 1298100
4600, 271707, 1456400
4700, 279028, 1322200
4800, 290840, 1212300
4900, 298168, 1126100
5000, 308951, 1267800
5100, 318440, 1161000
5200, 329822, 1258900
5300, 344441, 1250000
5400, 351358, 1255900
5500, 365909, 1369800
5600, 373564, 1294300
5700, 385075, 1352200
5800, 403350, 1414800
5900, 410011, 1390600
6000, 423515, 1721500
6100, 434746, 1527000
6200, 449407, 1535800
6300, 458596, 1511600
6400, 473997, 1543400
6500, 487614, 1592200
6600, 495797, 1609500
6700, 511873, 1768500
6800, 522975, 1718200
6900, 540010, 1789400
7000, 555724, 1787100
7100, 564775, 1900800
7200, 582090, 1814700
7300, 591594, 1847000
7400, 609262, 2259000
7500, 628064, 2607000
7600, 635616, 2012700
7700, 654320, 2323100
7800, 665744, 2009700
7900, 684362, 2029300
8000, 696328, 2072200
8100, 713109, 2182600
8200, 732953, 2178100
8300, 741952, 2670300
8400, 764043, 2433700
8500, 772459, 2253300
8600, 794557, 2469100
8700, 815047, 2407700
8800, 824019, 3403700
8900, 846091, 2801900
9000, 856694, 2479200
9100, 878049, 2686200
9200, 898072, 3292800
9300, 910870, 2565400
9400, 933362, 2791900
9500, 946117, 2709300
9600, 967334, 3361300
9700, 979368, 2902700
9800, 999484, 3057700
9900, 1023870, 3148600
10000, 1034152, 2840200
